Monthwise cluster sizes after applying Spectral Clustering 
Month 1: 2638, 4085, 7, 30, 4, 2, 4, 3, 4, 3, 
Month 2: 478, 3959, 27, 18, 3114, 6, 2, 5, 8, 
Month 3: 520, 3990, 3251, 2, 5, 21, 2, 2, 2, 2, 
Month 4: 4496, 3181, 41, 3, 5, 10, 3, 34, 4, 5, 
Month 5: 7820, 2, 4, 7, 4, 6, 3, 
Month 6: 3467, 3843, 6, 539, 15, 5, 2, 4, 
Month 7: 3786, 3785, 20, 132, 5, 35, 6, 2, 2, 
Month 8: 3359, 3777, 518, 3, 5, 7, 8, 9, 6, 3, 
Month 9: 7290, 526, 4, 6, 31, 4, 12, 2, 1, 4, 
Month 10: 3042, 4045, 130, 29, 2, 3, 9, 12, 4, 3, 
Month 11: 3273, 3863, 5, 2, 5, 9, 16, 3, 4, 2, 
Month 12: 3595, 3322, 5, 3, 3, 2, 9, 6, 2, 
